camera_matrix:
- - 3.285699999999999932e+02
  - 0.000000000000000000
  - 1.145338811201338984e+02
- - 0.000000000000000000
  - 3.285699999999999932e+02
  - 1.576490442087725796e+02
- - 0.000000000000000000
  - 0.000000000000000000
  - 1.000000000000000000
dist_coeff:
- - -6.572417944930977751e-03
  - -3.984959006494553369e-01
  - 2.885907498520413374e-03
  - -4.919823885279283292e-03
  - 1.169027294978555842
mean_error: 0.04156476371635853
rotation_matrix:
- - 0.999819200813054
  - -0.01729192264253082
  - 0.007909178014869015
- - 0.017547870108283903
  - 0.9992837993890804
  - -0.033525520625145265
- - -0.007323792747542344
  - 0.0336582484667425
  - 0.9994065661030761
rotation_vector:
- - 0.033600231446863804
- - 0.007618377923100672
- - 0.017424224865786698
translation_vector:
- - -0.1935620103763531
- - 1.1944574081323776
- - 17.6219770112084994