cuboid_2_5: 7.0225
cuboid_5: 25.0
cuboid_10: 101.0025
cuboid_15: 226.5025
cuboid_25: 625
cuboid_15_slim: 80.401
cuboid_25_slim: 71.9055
cuboid_2_3_mult_2: 9.88
cylinder_2_5: 4.908738521
cylinder_5: 18.4745283
cylinder_10: 76.07687399
cylinder_20: 309.4645478
cylinder_3_mult_2: 14.13716694
cylinder_2_mult_7: 21.99114858
ellipsis_13_15: 152.4379295
ellipsis_17_19: 256.8016375
ellipsis_8_15: 92.64242576
prisma_5: 6.73265
prisma_10: 29.50325
prisma_20: 123.4688 
pentagon_4: 13.5
cross_20_25: 120.0
ring_6: 9.709484795
ring_13_15: 75.1783122
ring_3_mult_2: 5.827654372
dring_6: 21.79479903
dring_3_multiple_2: 4.80663676
dring_13_15_multiple_2: 87.90176245
arrow_tip: 20.755
arrow_tip_small: 4.24
abstract: 105.7
star: 35.8173
polyhedron: 95.4584